080 0008 010 7010 000D 1  0  1  0  0
081 0008 09A 309A 000D 1  0  1  0  0
07D 0008 07D 407D 000D 1  0  1  0  0
075 0008 075 5074 000D 1  0  1  0  0
076 0005 099 2099 0005 1  0  1  0  0
077 FFFA 200 7200 0005 1  0  1  0  0
078 FFFB 020 7020 0005 0  0  1  0  0
079 0003 09A 109A 0008 1  0  1  0  0
07E 0003 07E C074 0008 1  0  1  0  0
080 0003 010 7010 0008 1  0  1  0  0
081 0003 09A 309A 0008 1  0  1  0  0
07D 0003 07D 407D 0008 1  0  1  0  0
075 0003 075 5074 0008 1  0  1  0  0
076 0005 099 2099 0005 1  0  1  0  0
077 FFFA 200 7200 0005 1  0  1  0  0
078 FFFB 020 7020 0005 0  0  1  0  0
079 FFFE 09A 109A 0003 0  0  1  0  0
07E FFFE 07E C074 0003 0  0  1  0  0
07F FFFE 010 7010 0003 0  0  1  0  0
02D FFFE 02D C07A 0003 0  0  1  0  0
02E 0003 09A 209A 0003 0  0  1  0  0
02F 0003 004 7004 0003 0  0  1  0  0
031 0003 031 4031 0003 0  0  1  0  0
036 0003 036 4036 0003 0  0  1  0  0
037 0005 09B 209B 0005 0  0  1  0  0
038 0004 093 1093 FFFF 1  0  1  0  0
039 0004 09B 309B FFFF 1  0  1  0  0
026 0004 026 4026 FFFF 1  0  1  0  0
027 0004 09B 209B 0004 1  0  1  0  0
028 0004 004 7004 0004 1  0  1  0  0
02A 0004 02A 402A 0004 1  0  1  0  0
02B 0004 09B 209B 0004 1  0  1  0  0
02C 0004 099 3099 0004 1  0  1  0  0
07B 0004 07B 507A 0004 1  0  1  0  0
07C 000D 098 2098 000D 1  0  1  0  0
07D 000D 09A 309A 000D 1  0  1  0  0
075 000D 075 5074 000D 1  0  1  0  0
076 0004 099 2099 0004 1  0  1  0  0
077 FFFB 200 7200 0004 1  0  1  0  0
078 FFFC 020 7020 0004 0  0  1  0  0
079 0009 09A 109A 000D 1  0  1  0  0
07E 0009 07E C074 000D 1  0  1  0  0
080 0009 010 7010 000D 1  0  1  0  0
081 0009 09A 309A 000D 1  0  1  0  0
07D 0009 07D 407D 000D 1  0  1  0  0
075 0009 075 5074 000D 1  0  1  0  0
076 0004 099 2099 0004 1  0  1  0  0
077 FFFB 200 7200 0004 1  0  1  0  0
078 FFFC 020 7020 0004 0  0  1  0  0
079 0005 09A 109A 0009 1  0  1  0  0
07E 0005 07E C074 0009 1  0  1  0  0
080 0005 010 7010 0009 1  0  1  0  0
081 0005 09A 309A 0009 1  0  1  0  0
07D 0005 07D 407D 0009 1  0  1  0  0
075 0005 075 5074 0009 1  0  1  0  0
076 0004 099 2099 0004 1  0  1  0  0
077 FFFB 200 7200 0004 1  0  1  0  0
078 FFFC 020 7020 0004 0  0  1  0  0
079 0001 09A 109A 0005 1  0  1  0  0
07E 0001 07E C074 0005 1  0  1  0  0
080 0001 010 7010 0005 1  0  1  0  0
081 0001 09A 309A 0005 1  0  1  0  0
07D 0001 07D 407D 0005 1  0  1  0  0
075 0001 075 5074 0005 1  0  1  0  0
076 0004 099 2099 0004 1  0  1  0  0
077 FFFB 200 7200 0004 1  0  1  0  0
078 FFFC 020 7020 0004 0  0  1  0  0
079 FFFD 09A 109A 0001 0  0  1  0  0
07E FFFD 07E C074 0001 0  0  1  0  0
07F FFFD 010 7010 0001 0  0  1  0  0
02D FFFD 02D C07A 0001 0  0  1  0  0
02E 0001 09A 209A 0001 0  0  1  0  0
02F 0001 004 7004 0001 0  0  1  0  0
031 0001 031 4031 0001 0  0  1  0  0
036 0001 036 4036 0001 0  0  1  0  0
037 0004 09B 209B 0004 0  0  1  0  0
038 0003 093 1093 FFFF 1  0  1  0  0
039 0003 09B 309B FFFF 1  0  1  0  0
026 0003 026 4026 FFFF 1  0  1  0  0
027 0003 09B 209B 0003 1  0  1  0  0
028 0003 004 7004 0003 1  0  1  0  0
02A 0003 02A 402A 0003 1  0  1  0  0
02B 0003 09B 209B 0003 1  0  1  0  0
02C 0003 099 3099 0003 1  0  1  0  0
07B 0003 07B 507A 0003 1  0  1  0  0
07C 000D 098 2098 000D 1  0  1  0  0
07D 000D 09A 309A 000D 1  0  1  0  0
075 000D 075 5074 000D 1  0  1  0  0
076 0003 099 2099 0003 1  0  1  0  0
077 FFFC 200 7200 0003 1  0  1  0  0
078 FFFD 020 7020 0003 0  0  1  0  0
079 000A 09A 109A 000D 1  0  1  0  0
07E 000A 07E C074 000D 1  0  1  0  0
080 000A 010 7010 000D 1  0  1  0  0
081 000A 09A 309A 000D 1  0  1  0  0
07D 000A 07D 407D 000D 1  0  1  0  0
075 000A 075 5074 000D 1  0  1  0  0
076 0003 099 2099 0003 1  0  1  0  0
077 FFFC 200 7200 0003 1  0  1  0  0
078 FFFD 020 7020 0003 0  0  1  0  0
079 0007 09A 109A 000A 1  0  1  0  0
07E 0007 07E C074 000A 1  0  1  0  0
080 0007 010 7010 000A 1  0  1  0  0
081 0007 09A 309A 000A 1  0  1  0  0
07D 0007 07D 407D 000A 1  0  1  0  0
075 0007 075 5074 000A 1  0  1  0  0
076 0003 099 2099 0003 1  0  1  0  0
077 FFFC 200 7200 0003 1  0  1  0  0
078 FFFD 020 7020 0003 0  0  1  0  0
079 0004 09A 109A 0007 1  0  1  0  0
07E 0004 07E C074 0007 1  0  1  0  0
080 0004 010 7010 0007 1  0  1  0  0
081 0004 09A 309A 0007 1  0  1  0  0
07D 0004 07D 407D 0007 1  0  1  0  0
075 0004 075 5074 0007 1  0  1  0  0
076 0003 099 2099 0003 1  0  1  0  0
077 FFFC 200 7200 0003 1  0  1  0  0
078 FFFD 020 7020 0003 0  0  1  0  0
079 0001 09A 109A 0004 1  0  1  0  0
07E 0001 07E C074 0004 1  0  1  0  0
080 0001 010 7010 0004 1  0  1  0  0
081 0001 09A 309A 0004 1  0  1  0  0
07D 0001 07D 407D 0004 1  0  1  0  0
075 0001 075 5074 0004 1  0  1  0  0
076 0003 099 2099 0003 1  0  1  0  0
077 FFFC 200 7200 0003 1  0  1  0  0
078 FFFD 020 7020 0003 0  0  1  0  0
079 FFFE 09A 109A 0001 0  0  1  0  0
07E FFFE 07E C074 0001 0  0  1  0  0
07F FFFE 010 7010 0001 0  0  1  0  0
02D FFFE 02D C07A 0001 0  0  1  0  0
02E 0001 09A 209A 0001 0  0  1  0  0
02F 0001 004 7004 0001 0  0  1  0  0
031 0001 031 4031 0001 0  0  1  0  0
036 0001 036 4036 0001 0  0  1  0  0
037 0003 09B 209B 0003 0  0  1  0  0
038 0002 093 1093 FFFF 1  0  1  0  0
039 0002 09B 309B FFFF 1  0  1  0  0
026 0002 026 4026 FFFF 1  0  1  0  0
027 0002 09B 209B 0002 1  0  1  0  0
028 0002 004 7004 0002 1  0  1  0  0
02A 0002 02A 402A 0002 1  0  1  0  0
02B 0002 09B 209B 0002 1  0  1  0  0
02C 0002 099 3099 0002 1  0  1  0  0
07B 0002 07B 507A 0002 1  0  1  0  0
07C 000D 098 2098 000D 1  0  1  0  0
07D 000D 09A 309A 000D 1  0  1  0  0
075 000D 075 5074 000D 1  0  1  0  0
076 0002 099 2099 0002 1  0  1  0  0
077 FFFD 200 7200 0002 1  0  1  0  0
078 FFFE 020 7020 0002 0  0  1  0  0
079 000B 09A 109A 000D 1  0  1  0  0
07E 000B 07E C074 000D 1  0  1  0  0
080 000B 010 7010 000D 1  0  1  0  0
081 000B 09A 309A 000D 1  0  1  0  0
07D 000B 07D 407D 000D 1  0  1  0  0
075 000B 075 5074 000D 1  0  1  0  0
076 0002 099 2099 0002 1  0  1  0  0
077 FFFD 200 7200 0002 1  0  1  0  0
078 FFFE 020 7020 0002 0  0  1  0  0
079 0009 09A 109A 000B 1  0  1  0  0
07E 0009 07E C074 000B 1  0  1  0  0
080 0009 010 7010 000B 1  0  1  0  0
081 0009 09A 309A 000B 1  0  1  0  0
07D 0009 07D 407D 000B 1  0  1  0  0
075 0009 075 5074 000B 1  0  1  0  0
076 0002 099 2099 0002 1  0  1  0  0
077 FFFD 200 7200 0002 1  0  1  0  0
078 FFFE 020 7020 0002 0  0  1  0  0
079 0007 09A 109A 0009 1  0  1  0  0
07E 0007 07E C074 0009 1  0  1  0  0
080 0007 010 7010 0009 1  0  1  0  0
081 0007 09A 309A 0009 1  0  1  0  0
07D 0007 07D 407D 0009 1  0  1  0  0
075 0007 075 5074 0009 1  0  1  0  0
076 0002 099 2099 0002 1  0  1  0  0
077 FFFD 200 7200 0002 1  0  1  0  0
078 FFFE 020 7020 0002 0  0  1  0  0
079 0005 09A 109A 0007 1  0  1  0  0
07E 0005 07E C074 0007 1  0  1  0  0
080 0005 010 7010 0007 1  0  1  0  0
081 0005 09A 309A 0007 1  0  1  0  0
07D 0005 07D 407D 0007 1  0  1  0  0
075 0005 075 5074 0007 1  0  1  0  0
076 0002 099 2099 0002 1  0  1  0  0
077 FFFD 200 7200 0002 1  0  1  0  0
078 FFFE 020 7020 0002 0  0  1  0  0
079 0003 09A 109A 0005 1  0  1  0  0
07E 0003 07E C074 0005 1  0  1  0  0
080 0003 010 7010 0005 1  0  1  0  0
081 0003 09A 309A 0005 1  0  1  0  0
07D 0003 07D 407D 0005 1  0  1  0  0
075 0003 075 5074 0005 1  0  1  0  0
076 0002 099 2099 0002 1  0  1  0  0
077 FFFD 200 7200 0002 1  0  1  0  0
078 FFFE 020 7020 0002 0  0  1  0  0
079 0001 09A 109A 0003 1  0  1  0  0
07E 0001 07E C074 0003 1  0  1  0  0
080 0001 010 7010 0003 1  0  1  0  0
081 0001 09A 309A 0003 1  0  1  0  0
07D 0001 07D 407D 0003 1  0  1  0  0
075 0001 075 5074 0003 1  0  1  0  0
076 0002 099 2099 0002 1  0  1  0  0
077 FFFD 200 7200 0002 1  0  1  0  0
078 FFFE 020 7020 0002 0  0  1  0  0
079 FFFF 09A 109A 0001 0  0  1  0  0
07E FFFF 07E C074 0001 0  0  1  0  0
07F FFFF 010 7010 0001 0  0  1  0  0
02D FFFF 02D C07A 0001 0  0  1  0  0
02E 0001 09A 209A 0001 0  0  1  0  0
02F 0001 004 7004 0001 0  0  1  0  0
031 0001 031 4031 0001 0  0  1  0  0
036 0001 036 4036 0001 0  0  1  0  0
037 0002 09B 209B 0002 0  0  1  0  0
038 0001 093 1093 FFFF 1  0  1  0  0
039 0001 09B 309B FFFF 1  0  1  0  0
026 0001 026 4026 FFFF 1  0  1  0  0
027 0001 09B 209B 0001 1  0  1  0  0
028 0001 004 7004 0001 1  0  1  0  0
02A 0001 02A 402A 0001 1  0  1  0  0
02B 0001 09B 209B 0001 1  0  1  0  0
02C 0001 099 3099 0001 1  0  1  0  0
07B 0001 07B 507A 0001 1  0  1  0  0
07C 000D 098 2098 000D 1  0  1  0  0
07D 000D 09A 309A 000D 1  0  1  0  0
075 000D 075 5074 000D 1  0  1  0  0
076 0001 099 2099 0001 1  0  1  0  0
077 FFFE 200 7200 0001 1  0  1  0  0
078 FFFF 020 7020 0001 0  0  1  0  0
079 000C 09A 109A 000D 1  0  1  0  0
07E 000C 07E C074 000D 1  0  1  0  0
080 000C 010 7010 000D 1  0  1  0  0
081 000C 09A 309A 000D 1  0  1  0  0
07D 000C 07D 407D 000D 1  0  1  0  0
075 000C 075 5074 000D 1  0  1  0  0
076 0001 099 2099 0001 1  0  1  0  0
077 FFFE 200 7200 0001 1  0  1  0  0
078 FFFF 020 7020 0001 0  0  1  0  0
079 000B 09A 109A 000C 1  0  1  0  0
07E 000B 07E C074 000C 1  0  1  0  0
080 000B 010 7010 000C 1  0  1  0  0
081 000B 09A 309A 000C 1  0  1  0  0
07D 000B 07D 407D 000C 1  0  1  0  0
075 000B 075 5074 000C 1  0  1  0  0
076 0001 099 2099 0001 1  0  1  0  0
077 FFFE 200 7200 0001 1  0  1  0  0
078 FFFF 020 7020 0001 0  0  1  0  0
079 000A 09A 109A 000B 1  0  1  0  0
07E 000A 07E C074 000B 1  0  1  0  0
080 000A 010 7010 000B 1  0  1  0  0
081 000A 09A 309A 000B 1  0  1  0  0
07D 000A 07D 407D 000B 1  0  1  0  0
075 000A 075 5074 000B 1  0  1  0  0
076 0001 099 2099 0001 1  0  1  0  0
077 FFFE 200 7200 0001 1  0  1  0  0
078 FFFF 020 7020 0001 0  0  1  0  0
079 0009 09A 109A 000A 1  0  1  0  0
07E 0009 07E C074 000A 1  0  1  0  0
080 0009 010 7010 000A 1  0  1  0  0
081 0009 09A 309A 000A 1  0  1  0  0
07D 0009 07D 407D 000A 1  0  1  0  0
075 0009 075 5074 000A 1  0  1  0  0
076 0001 099 2099 0001 1  0  1  0  0
077 FFFE 200 7200 0001 1  0  1  0  0
078 FFFF 020 7020 0001 0  0  1  0  0
079 0008 09A 109A 0009 1  0  1  0  0
07E 0008 07E C074 0009 1  0  1  0  0
080 0008 010 7010 0009 1  0  1  0  0
081 0008 09A 309A 0009 1  0  1  0  0
07D 0008 07D 407D 0009 1  0  1  0  0
075 0008 075 5074 0009 1  0  1  0  0
076 0001 099 2099 0001 1  0  1  0  0
077 FFFE 200 7200 0001 1  0  1  0  0
078 FFFF 020 7020 0001 0  0  1  0  0
079 0007 09A 109A 0008 1  0  1  0  0
07E 0007 07E C074 0008 1  0  1  0  0
080 0007 010 7010 0008 1  0  1  0  0
081 0007 09A 309A 0008 1  0  1  0  0
07D 0007 07D 407D 0008 1  0  1  0  0
075 0007 075 5074 0008 1  0  1  0  0
076 0001 099 2099 0001 1  0  1  0  0
077 FFFE 200 7200 0001 1  0  1  0  0
078 FFFF 020 7020 0001 0  0  1  0  0
079 0006 09A 109A 0007 1  0  1  0  0
07E 0006 07E C074 0007 1  0  1  0  0
080 0006 010 7010 0007 1  0  1  0  0
081 0006 09A 309A 0007 1  0  1  0  0
07D 0006 07D 407D 0007 1  0  1  0  0
075 0006 075 5074 0007 1  0  1  0  0
076 0001 099 2099 0001 1  0  1  0  0
077 FFFE 200 7200 0001 1  0  1  0  0
078 FFFF 020 7020 0001 0  0  1  0  0
079 0005 09A 109A 0006 1  0  1  0  0
07E 0005 07E C074 0006 1  0  1  0  0
080 0005 010 7010 0006 1  0  1  0  0
081 0005 09A 309A 0006 1  0  1  0  0
07D 0005 07D 407D 0006 1  0  1  0  0
075 0005 075 5074 0006 1  0  1  0  0
076 0001 099 2099 0001 1  0  1  0  0
077 FFFE 200 7200 0001 1  0  1  0  0
078 FFFF 020 7020 0001 0  0  1  0  0
079 0004 09A 109A 0005 1  0  1  0  0
07E 0004 07E C074 0005 1  0  1  0  0
080 0004 010 7010 0005 1  0  1  0  0
081 0004 09A 309A 0005 1  0  1  0  0
07D 0004 07D 407D 0005 1  0  1  0  0
075 0004 075 5074 0005 1  0  1  0  0
076 0001 099 2099 0001 1  0  1  0  0
077 FFFE 200 7200 0001 1  0  1  0  0
078 FFFF 020 7020 0001 0  0  1  0  0
079 0003 09A 109A 0004 1  0  1  0  0
07E 0003 07E C074 0004 1  0  1  0  0
080 0003 010 7010 0004 1  0  1  0  0
081 0003 09A 309A 0004 1  0  1  0  0
07D 0003 07D 407D 0004 1  0  1  0  0
075 0003 075 5074 0004 1  0  1  0  0
076 0001 099 2099 0001 1  0  1  0  0
077 FFFE 200 7200 0001 1  0  1  0  0
078 FFFF 020 7020 0001 0  0  1  0  0
079 0002 09A 109A 0003 1  0  1  0  0
07E 0002 07E C074 0003 1  0  1  0  0
080 0002 010 7010 0003 1  0  1  0  0
081 0002 09A 309A 0003 1  0  1  0  0
07D 0002 07D 407D 0003 1  0  1  0  0
075 0002 075 5074 0003 1  0  1  0  0
076 0001 099 2099 0001 1  0  1  0  0
077 FFFE 200 7200 0001 1  0  1  0  0
078 FFFF 020 7020 0001 0  0  1  0  0
079 0001 09A 109A 0002 1  0  1  0  0
07E 0001 07E C074 0002 1  0  1  0  0
080 0001 010 7010 0002 1  0  1  0  0
081 0001 09A 309A 0002 1  0  1  0  0
07D 0001 07D 407D 0002 1  0  1  0  0
075 0001 075 5074 0002 1  0  1  0  0
076 0001 099 2099 0001 1  0  1  0  0
077 FFFE 200 7200 0001 1  0  1  0  0
078 FFFF 020 7020 0001 0  0  1  0  0
079 0000 09A 109A 0001 1  0  1  0  0
07E 0000 07E C074 0001 1  0  1  0  0
080 0000 010 7010 0001 1  0  1  0  0
081 0000 09A 309A 0001 1  0  1  0  0
07D 0000 07D 407D 0001 1  0  1  0  0
075 0000 075 5074 0001 1  0  1  0  0
076 0001 099 2099 0001 1  0  1  0  0
077 FFFE 200 7200 0001 1  0  1  0  0
078 FFFF 020 7020 0001 0  0  1  0  0
079 FFFF 09A 109A 0000 0  0  1  0  0
07E FFFF 07E C074 0000 0  0  1  0  0
07F FFFF 010 7010 0000 0  0  1  0  0
02D FFFF 02D C07A 0000 0  0  1  0  0
02E 0000 09A 209A 0000 0  0  1  0  0
030 0000 004 7004 0000 0  0  1  0  0
032 0000 032 4032 0000 0  0  1  0  0
033 0001 09C 209C 0001 0  0  1  0  0
034 0002 020 7020 0001 0  0  1  0  0
035 0002 09C 309C 0001 0  0  1  0  0
036 0002 036 4036 0001 0  0  1  0  0
037 0001 09B 209B 0001 0  0  1  0  0
038 0000 093 1093 FFFF 1  0  1  0  0
039 0000 09B 309B FFFF 1  0  1  0  0
026 0000 026 4026 FFFF 1  0  1  0  0
027 0000 09B 209B 0000 1  0  1  0  0
029 0000 004 7004 0000 1  0  1  0  0
03A 0000 03A 403A 0000 1  0  1  0  0
03B 0002 09C 209C 0002 1  0  1  0  0
03C 0001 093 1093 FFFF 1  0  1  0  0
03D 0000 093 1093 FFFF 1  0  1  0  0
03F 0000 004 7004 FFFF 1  0  1  0  0
040 0000 040 4040 FFFF 1  0  1  0  0
041 000D 091 2091 000D 1  0  1  0  0
042 000D 098 3098 000D 1  0  1  0  0
043 0010 094 2094 0010 1  0  1  0  0
044 0010 099 3099 0010 1  0  1  0  0
083 0010 083 5082 0010 1  0  1  0  0
084 000D 098 2098 000D 1  0  1  0  0
085 000D 09A 309A 000D 1  0  1  0  0
086 0000 800 7800 000D 1  0  1  0  0
087 0000 09C 309C 000D 1  0  1  0  0
075 0000 075 5074 000D 1  0  1  0  0
076 0010 099 2099 0010 1  0  1  0  0
077 FFEF 200 7200 0010 1  0  1  0  0
078 FFF0 020 7020 0010 0  0  1  0  0
079 FFFD 09A 109A 000D 0  0  1  0  0
088 FFFD 088 C074 000D 0  0  1  0  0
089 FFFD 010 7010 000D 0  0  1  0  0
045 FFFD 045 C082 000D 0  0  1  0  0
046 0000 09C 209C 0000 0  0  1  0  0
06E 0000 06E 506D 0000 0  0  1  0  0
06F 0000 400 7400 0000 0  0  1  0  0
070 0000 040 7040 0000 0  0  1  0  0
071 0000 040 7040 0000 0  0  1  0  0
072 0000 040 7040 0000 0  0  1  0  0
073 0000 040 7040 0000 0  0  1  0  0
047 0000 047 C06D 0000 0  0  1  0  0
048 0000 08F 308F 0000 0  0  1  0  0
049 000D 091 2091 000D 0  0  1  0  0
04A 000D 098 3098 000D 0  0  1  0  0
04B 0010 094 2094 0010 0  0  1  0  0
04C 0010 099 3099 0010 0  0  1  0  0
07B 0010 07B 507A 0010 0  0  1  0  0
07C 000D 098 2098 000D 0  0  1  0  0
07D 000D 09A 309A 000D 0  0  1  0  0
075 000D 075 5074 000D 0  0  1  0  0
076 0010 099 2099 0010 0  0  1  0  0
077 FFEF 200 7200 0010 0  0  1  0  0
078 FFF0 020 7020 0010 0  0  1  0  0
079 FFFD 09A 109A 000D 0  0  1  0  0
07E FFFD 07E C074 000D 0  0  1  0  0
07F FFFD 010 7010 000D 0  0  1  0  0
04D FFFD 04D C07A 000D 0  0  1  0  0
04E 000D 09A 209A 000D 0  0  1  0  0
04F 000D 090 3090 000D 0  0  1  0  0
050 000D 08F 108F 0000 0  0  1  0  0
051 000D 092 3092 0000 0  0  1  0  0
052 000D 098 3098 0000 0  0  1  0  0
053 0010 094 2094 0010 0  0  1  0  0
054 0010 099 3099 0010 0  0  1  0  0
083 0010 083 5082 0010 0  0  1  0  0
084 000D 098 2098 000D 0  0  1  0  0
085 000D 09A 309A 000D 0  0  1  0  0
086 0000 800 7800 000D 0  0  1  0  0
087 0000 09C 309C 000D 0  0  1  0  0
075 0000 075 5074 000D 0  0  1  0  0
076 0010 099 2099 0010 0  0  1  0  0
077 FFEF 200 7200 0010 0  0  1  0  0
078 FFF0 020 7020 0010 0  0  1  0  0
079 FFFD 09A 109A 000D 0  0  1  0  0
088 FFFD 088 C074 000D 0  0  1  0  0
089 FFFD 010 7010 000D 0  0  1  0  0
055 FFFD 055 C082 000D 0  0  1  0  0
056 0000 09C 209C 0000 0  0  1  0  0
057 0030 095 1095 0030 0  0  1  0  0
058 0030 000 F400 0030 0  0  0  0  0
059 000D 091 2091 000D 0  0  0  0  0
05A 000D 098 3098 000D 0  0  0  0  0
05B 0010 094 2094 0010 0  0  0  0  0
05C 0010 099 3099 0010 0  0  0  0  0
07B 0010 07B 507A 0010 0  0  0  0  0
07C 000D 098 2098 000D 0  0  0  0  0
07D 000D 09A 309A 000D 0  0  0  0  0
075 000D 075 5074 000D 0  0  0  0  0
076 0010 099 2099 0010 0  0  0  0  0
077 FFEF 200 7200 0010 0  0  0  0  0
078 FFF0 020 7020 0010 0  0  0  0  0
079 FFFD 09A 109A 000D 0  0  0  0  0
07E FFFD 07E C074 000D 0  0  0  0  0
07F FFFD 010 7010 000D 0  0  0  0  0
05D FFFD 05D C07A 000D 0  0  0  0  0
05E 000D 09A 209A 000D 0  0  0  0  0
05F 003D 095 1095 0030 0  0  0  0  0
060 003D 000 F400 0030 0  0  0  0  0
061 003D 001 7001 0030 0  0  0  0  0